t	Imed
0	9439.32178
15.001	9426.625489
30	9385.391823
45	9395.292193
60.001	9360.252527
75	9350.265058
90	9336.98863
105	9321.94049
120.001	9291.600493
135.001	9273.292985
150	9248.222999
165	9230.720489
180.001	9202.345432
195	9177.695347
210.001	9158.535495
225.001	9137.500488
240	9108.995485
255.001	9070.082993
270.001	9054.680495
285	9042.322472
300	9007.000492
315	8985.990499
330.001	8970.240496
345	8943.255499
360	8917.610499
375.001	8900.342993
390	8883.690485
405	8863.271041
420.001	8825.717525
435	8807.637991
450.001	8792.405279
465	8772.217995
480.001	8733.225384
495	8723.689756
510.001	8710.922996
525	8689.905944
540.001	8659.082164
555.001	8638.183447
570	8622.753742
585	8613.111965
600.001	8574.135521
615.001	8552.472771
630.001	8545.123918
645	8533.574046
660	8500.386543
675	8481.314251
690.001	8462.14792
705.001	8458.952341
720	8433.230134
735.001	8423.037484
750.001	8398.596906
765.001	8384.954897
780	8358.870287
795.001	8348.831428
810	8330.586365
825.001	8315.008832
840	8295.570361
855.001	8281.655591
870	8270.598484
885.001	8256.442242
900	8226.132816
915.001	8214.85399
930	8207.159083
945.001	8192.629752
960	8173.157995
975.001	8156.127994
990	8140.047914
1005	8121.512423
1020.001	8100.067565
1035	8096.285621
1050.001	8080.262632
1065	8076.280497
1080	8053.565494
1095.001	8022.363204
1110.001	8015.060379
1125	8006.477793
1140	7989.419925
1155	7972.092886
1170.001	7960.12303
1185	7949.993693
1200.001	7918.612108
1215	7911.570499
1230.001	7898.855025
1245	7893.263327
1260.001	7870.890467
1275	7850.673443
1290.001	7843.319833
1305	7843.019488
1320.001	7818.347986
1335	7807.732996
1350.001	7790.118164
1365	7778.662985
1380.001	7752.542623
1395.001	7744.773991
1410	7735.116891
1425.001	7728.659866
1440	7702.605777
1455.001	7695.838421
1470	7684.869816
1485.001	7669.558721
1500	7650.201719
1515.001	7632.576738
1530	7635.672121
1545	7618.931167
1560	7603.838874
1575.001	7596.497999
1590	7571.870557
1605.001	7571.465497
1620.001	7547.500498
1635	7538.037934
1650.001	7537.405493
1665	7524.400699
1680.001	7502.385898
1695	7492.500492
1710	7477.818057
1725.001	7475.872748
1740	7452.668001
1755	7442.970493
1770	7435.484446
1785.001	7427.535496
1800.001	7410.390383
1815	7396.409496
1830	7384.007998
1845.001	7381.976764
1860	7364.78007
1875	7346.455055
1890	7344.419682
1905.001	7337.229072
1920	7315.450252
1935.001	7310.473272
1950	7303.180281
1965.001	7291.505973
1980	7278.28897
1995.001	7268.351659
2010	7262.08297
2025.001	7257.408196
2040.001	7235.518444
2055	7224.711819
2070	7222.738804
2085	7212.518623
2100.001	7194.639968
2115.001	7189.797387
2130	7175.868114
2145.001	7173.926525
2160	7152.832832
2175	7148.031576
2190	7133.475152
2205.001	7135.467997
2220	7116.386247
2235	7103.931766
2250.001	7100.876763
2265	7099.122973
2280	7081.045804
2295.001	7074.571303
2310.001	7061.194266
2325	7060.660495
2340.001	7046.080709
2355.001	7037.122992
2370.001	7023.130261
2385.001	7022.016865
2400.001	7007.711518
2415	6997.78574
2430	6990.586271
2445.001	6988.717993
2460.001	6992.498629
2475	6984.109282
2490	6986.752195
2505	6971.292234
2520.001	6967.608049
2535	6954.96217
2550.001	6949.418187
2565	6943.737995
2580.001	6932.565007
2595	6924.919977
2610	6917.926055
2625.001	6914.621974
2640.001	6904.881741
2655	6893.107723
2670.001	6890.937334
2685	6883.512995
2700.001	6866.985312
2715.001	6853.271123
2730.001	6849.817381
2745.001	6853.84486
2760.001	6840.284112
2775	6838.848097
2790	6824.436735
2805	6819.32828
2820	6816.681127
2835.001	6799.677719
2850	6799.6391
2865.001	6799.839573
2880.001	6783.389793
2895	6774.640869
2910	6774.238708
2925.001	6770.574126
2940.001	6751.229079
2955.001	6751.52406
2970	6745.27537
2985	6743.169412
3000.001	6717.830129
3015.001	6718.209573
3030	6708.686347
3045.001	6709.158817
3060	6707.579536
3075.001	6695.245333
3090.001	6692.585165
3105.001	6694.547962
3120	6673.334633
3135	6671.050398
3150.001	6664.845101
3165	6653.105494
3180.001	6649.402244
3195	6639.890676
3210	6650.236022
3225.001	6637.055038
3240.001	6629.663277
3255	6621.795497
3270	6610.660043
3285.001	6607.672308
3300.001	6597.736968
3315	6595.192834
3330.001	6587.80182
3345.001	6579.240198
3360	6579.611529
3375.001	6572.271458
3390	6563.863319
3405.001	6559.135344
3420.001	6553.320003
3435	6539.876454
3450	6532.391849
3465	6530.218626
3480.001	6528.474808
3495.001	6517.149023
3510	6515.518482
3525.001	6505.876417
3540.001	6502.830496
3555	6494.156988
3570.001	6487.048543
3585.001	6485.087261
3600	6475.934118
3615	6474.144147
3630.001	6467.411664
3645	6457.650282
3660	6458.716261
3675.001	6448.638845
3690	6446.116722
3705.001	6441.024444
3720.001	6443.26692
3735	6432.933637
3750.001	6427.676988
3765	6431.240827
3780	6426.815243
3795.001	6419.653792
3810.001	6418.24707
3825	6413.664865
3840.001	6408.525124
3855	6407.157359
3870	6402.124749
3885.001	6402.166339
3900	6394.221865
3915.001	6387.377991
3930	6384.129352
3945.001	6387.168968
3960.001	6382.181224
3975	6379.880496
3990.001	6368.140484
4005.001	6366.562456
4020	6364.544379
4035	6364.657673
4050.001	6355.664754
4065	6353.750236
4080.001	6341.839247
4095	6347.440492
4110.001	6342.366179
4125	6343.756594
4140.001	6335.505352
4155	6330.516946
4170	6328.772447
4185	6317.550756
4200.001	6318.751325
4215.001	6312.523655
4230	6310.941647
4245	6305.95385
4260.001	6308.291595
4275.001	6294.494683
4290.001	6286.747974
4305.001	6285.355496
4320	6285.641203
4335.001	6270.77074
4350	6274.517049
4365.001	6267.860578
4380	6264.095961
4395.001	6258.879504
4410	6255.482778
4425.001	6253.632454
4440	6251.596502
4455.002	6249.310426
4470	6253.422
4485.001	6244.591271
4500.001	6240.069999
4515	6228.977301
4530.001	6230.007777
4545.001	6231.207996
4560	6226.941277
4575	6219.797457
4590	6219.684506
4605	6217.418603
4620.001	6212.591078
4635	6209.83787
4650	6205.13439
4665	6206.825111
4680.001	6205.395489
4695	6207.426772
4710.001	6197.632666
4725	6202.187146
4740	6198.137764
4755	6191.268051
4770	6186.205786
4785.001	6187.884664
4800	6189.593517
4815	6176.331379
4830.001	6179.235186
4845	6181.30308
4860	6179.918474
4875.001	6171.106773
4890	6167.417205
4905	6162.588416
4920.001	6167.913905
4935	6159.669753
4950	6155.539954
4965.001	6150.319071
4980	6160.309889
4995	6147.733958
5010	6143.19202
5025.001	6149.252363
5040	6145.181839
5055	6131.622935
5070.001	6135.302913
5085.001	6136.555379
5100.001	6131.396877
5115	6124.335057
5130.001	6121.415635
5145	6120.315909
5160.001	6117.828466
5175	6107.828543
5190.001	6111.715317
5205	6113.411274
5220.001	6107.742565
5235	6108.653101
5250.001	6095.37602
5265.001	6097.637598
5280	6096.015633
5295	6088.30676
5310.001	6083.483156
5325	6082.7853
5340.001	6076.983687
5355	6077.209923
5370.001	6073.092884
5385	6069.278318
5400	6064.836471
5415	6058.002139
5430	6053.648448
5445.001	6053.773579
5460.001	6049.778952
5475.001	6047.645788
5490.001	6043.625285
5505	6039.573674
5520	6034.537094
5535.001	6023.247944
5550	6021.405299
5565	6023.421185
5580.001	6024.38291
5595.001	6018.02377
5610.001	6008.530815
5625	6006.228683
5640	6005.877547
5655.001	6002.563895
5670	5994.524995
5685	5992.967305
5700.001	5990.791437
5715.001	5983.746501
5730	5985.091818
5745.001	5968.114304
5760.001	5968.884833
5775	5962.154961
5790.001	5970.13441
5805.001	5963.228755
5820	5954.256862
5835	5951.019738
5850.001	5941.548184
5865	5948.325772
5880	5941.906395
5895	5936.26003
5910.001	5935.829707
5925	5933.443708
5940	5931.244282
5955	5919.165003
5970.001	5920.125512
5985.001	5919.22115
6000	5914.334125
6015.001	5913.622297
6030	5909.624733
6045	5908.851378
6060.001	5902.557283
6075	5902.942602
6090	5903.280341
6105.001	5892.797987
6120	5892.494678
6135.001	5889.040567
6150	5891.410269
6165.001	5877.15952
6180	5877.4183
6195	5878.473401
6210.001	5865.845861
6225.001	5862.729123
6240.001	5854.413422
6255	5856.896899
6270.001	5853.608495
6285	5844.191569
6300.001	5847.544073
6315	5842.430442
6330	5833.472101
6345	5834.702652
6360.001	5834.43232
6375.001	5825.823798
6390.001	5825.022665
6405	5825.10124
6420.001	5824.769452
6435	5822.324326
6450.001	5816.280725
6465	5818.16172
6480.001	5809.883366
6495	5812.60327
6510.001	5808.776865
6525	5812.282778
6540	5809.583226
6555.001	5806.346447
6570	5809.704123
6585.001	5802.759167
6600	5803.62855
6615.001	5803.53253
6630.001	5795.72638
6645	5799.45374
6660.001	5804.639816
6675.001	5795.517907
6690	5800.221928
6705.001	5794.530971
6720.001	5796.253482
6735.001	5795.891744
6750	5798.788976
6765	5791.591662
6780.001	5788.581795
6795	5784.644848
6810	5785.72166
6825	5779.357951
6840.001	5783.395345
6855.001	5775.708791
6870	5779.182133
6885.001	5776.974765
6900	5777.654178
6915	5769.033468
6930.001	5766.328895
6945	5765.506966
6960.001	5757.250139
6975.001	5752.081158
6990	5760.633369
7005.001	5749.429394
7020	5742.60167
7035	5743.524346
7050.001	5744.138819
7065.001	5738.643619
7080	5734.081915
7095.001	5731.682404
7110	5724.91967
7125	5727.219493
7140	5721.590285
7155.001	5713.938477
7170	5713.469461
7185.001	5712.962224
7200	5709.571678
7215.001	5709.711312
7230	5710.978989
7245.001	5695.770411
7260	5694.995109
7275	5697.193261
7290.001	5690.018327
7305.001	5691.203619
7320	5687.606008
7335	5680.51196
7350.001	5676.652277
7365.001	5678.836439
7380	5679.090082
7395	5664.242602
7410.001	5658.398506
7425.001	5658.061975
7440	5654.774735
7455.001	5654.881707
7470	5650.855554
7485.001	5646.774873
7500	5639.439462
7515.001	5642.677806
7530	5640.43493
7545.001	5639.560367
7560.001	5639.380114
7575	5631.807989
7590	5627.92661
7605.001	5631.247546
7620	5625.399875
7635.001	5617.339197
7650.001	5616.242425
7665	5613.171544
7680	5608.347824
7695.001	5601.430766
7710.001	5599.887908
7725	5594.992033
7740.001	5595.483598
7755	5589.070493
