t	Imed
0.001	6519.640896
13.205	6517.037139
26.409	6517.085688
39.613	6508.94273
52.816	6496.980239
66.021	6464.915121
79.225	6448.924556
92.429	6432.009163
105.632	6404.825893
118.837	6387.097926
132.04	6367.398073
145.245	6338.139956
158.448	6296.394532
171.653	6291.510146
184.856	6269.114084
198.06	6242.39761
211.265	6228.261582
224.468	6212.311484
237.673	6192.392449
250.876	6160.560926
264.08	6155.063482
277.285	6140.073236
290.489	6098.694961
303.693	6080.393633
316.896	6066.225391
330.101	6045.886642
343.305	6027.256384
356.509	6016.117006
369.712	6002.189362
382.917	5978.398128
396.121	5962.658693
409.324	5945.519387
422.529	5915.739637
435.733	5901.360452
448.937	5894.230699
462.14	5871.798345
475.344	5858.118654
488.549	5841.773157
501.752	5826.753132
514.956	5810.640048
528.16	5802.380301
541.365	5785.661603
554.568	5756.104405
567.772	5737.694138
580.976	5724.622975
594.181	5713.008619
607.385	5696.138365
620.588	5687.836013
633.792	5672.655154
646.997	5654.813353
660.201	5635.67203
673.404	5627.345792
686.608	5599.121551
699.812	5586.217341
713.017	5570.59025
726.22	5562.847469
739.425	5547.395877
752.628	5535.869651
765.833	5523.158021
779.036	5511.75705
792.241	5507.035814
805.444	5482.011126
818.649	5470.830017
831.852	5452.4828
845.057	5446.791733
858.26	5431.157867
871.465	5421.152982
884.669	5412.330507
897.873	5399.032602
911.077	5390.510589
924.28	5380.409125
937.485	5368.152903
950.688	5345.0646
963.892	5329.359265
977.097	5325.89415
990.3	5313.240313
1003.504	5307.046379
1016.709	5291.483309
1029.913	5276.686876
1043.116	5268.543847
1056.321	5259.189691
1069.524	5248.96047
1082.729	5233.371445
1095.932	5222.847813
1109.136	5215.516859
1122.341	5203.258826
1135.544	5189.945217
1148.749	5189.433908
1161.953	5171.2448
1175.157	5161.629905
1188.361	5159.716305
1201.565	5146.265779
1214.768	5125.045368
1227.973	5116.447801
1241.176	5114.533509
1254.38	5100.347462
1267.585	5088.938848
1280.789	5085.47642
1293.992	5075.453517
1307.197	5067.305415
1320.401	5058.651666
1333.605	5044.125988
1346.808	5038.027179
1360.012	5023.661726
1373.217	5013.938014
1386.421	5013.278827
1399.624	4992.754909
1412.828	4989.737026
1426.033	4981.38575
1439.237	4968.576157
1452.44	4969.934706
1465.645	4957.754715
1478.849	4944.344165
1492.053	4935.120463
1505.256	4923.164004
1518.46	4916.64166
1531.665	4912.837434
1544.868	4907.572826
1558.073	4894.908694
1571.277	4892.698802
1584.481	4883.924345
1597.684	4882.929961
1610.889	4861.462507
1624.092	4852.085565
1637.297	4843.740064
1650.501	4835.86174
1663.704	4829.52945
1676.909	4829.414475
1690.112	4825.24632
1703.316	4814.467868
1716.521	4803.099919
1729.724	4795.044886
1742.929	4782.898159
1756.132	4777.54317
1769.337	4766.095457
1782.541	4761.077343
1795.744	4756.386164
1808.948	4747.400073
1822.152	4750.704566
1835.356	4742.868367
1848.56	4736.108607
1861.764	4727.400324
1874.969	4715.520382
1888.173	4713.015732
1901.376	4700.550293
1914.581	4690.823841
1927.784	4691.230087
1940.988	4678.870356
1954.192	4673.081931
1967.396	4673.195841
1980.601	4676.509356
1993.804	4661.118218
2007.008	4641.026467
2020.213	4642.616469
2033.416	4636.88661
2046.621	4634.14591
2059.824	4622.098721
2073.028	4612.48966
2086.233	4617.216109
2099.436	4609.166006
2112.641	4599.199872
2125.845	4596.195589
2139.048	4581.539266
2152.252	4581.715119
2165.457	4575.793466
2178.661	4568.204838
2191.864	4562.505703
2205.069	4553.432119
2218.273	4557.949028
2231.476	4551.916631
2244.681	4545.221646
2257.885	4534.326184
2271.088	4527.755817
2284.293	4527.635564
2297.497	4521.811653
2310.7	4513.491465
2323.905	4510.670228
2337.108	4506.313099
2350.312	4498.759436
2363.517	4491.015887
2376.721	4491.37112
2389.924	4481.645512
2403.129	4476.887798
2416.333	4467.034871
2429.536	4459.458659
2442.741	4462.369942
2455.944	4459.919175
2469.15	4446.368975
2482.352	4450.331049
2495.557	4444.884386
2508.76	4439.279801
2521.965	4427.084869
2535.168	4418.890514
2548.372	4422.565581
2561.577	4416.728963
2574.78	4417.337804
2587.985	4405.996198
2601.188	4403.52614
2614.392	4398.974054
2627.597	4393.278399
2640.801	4393.243996
2654.004	4377.984656
2667.209	4376.822272
2680.412	4370.399871
2693.617	4368.830536
2706.821	4359.158505
2720.025	4358.388855
2733.228	4357.551242
2746.432	4349.424341
2759.637	4342.282414
2772.84	4345.108709
2786.044	4339.934259
2799.249	4332.694529
2812.452	4326.582529
2825.656	4328.182445
2838.861	4328.892342
2852.064	4321.673477
2865.268	4320.57702
2878.472	4312.565439
2891.677	4304.131417
2904.88	4301.610342
2918.085	4299.530168
2931.289	4289.719716
2944.492	4285.096518
2957.696	4285.243836
2970.901	4282.098828
2984.105	4267.867931
2997.308	4273.170495
3010.513	4266.288403
3023.717	4267.201529
3036.921	4265.579303
3050.124	4253.493949
3063.328	4242.476788
3076.533	4251.660903
3089.736	4242.556769
3102.941	4235.762705
3116.145	4239.497505
3129.348	4231.321233
3142.553	4233.224831
3155.757	4230.723406
3168.96	4214.465953
3182.165	4220.310777
3195.368	4206.899236
3208.573	4195.375304
3221.776	4196.92502
3234.98	4197.811022
3248.185	4195.292508
3261.388	4193.958474
3274.593	4193.42167
3287.797	4187.238843
3301	4186.441323
3314.204	4186.884191
3327.409	4178.960667
3340.612	4175.47679
3353.817	4163.580931
3367.02	4162.956893
3380.224	4163.215873
3393.428	4162.442715
3406.632	4164.456168
3419.837	4155.649358
3433.041	4151.401878
3446.244	4145.988279
3459.449	4142.585189
3472.652	4138.04618
3485.856	4135.936861
3499.061	4136.050895
3512.264	4136.279955
3525.468	4128.205139
3538.673	4121.857695
3551.877	4116.782958
3565.08	4113.402331
3578.284	4109.319574
3591.489	4107.515292
3604.692	4104.975069
3617.897	4106.685425
3631.1	4100.196132
3644.305	4095.575732
3657.509	4097.350692
3670.713	4092.796277
3683.917	4087.834392
3697.121	4086.7579
3710.325	4081.312566
3723.529	4080.373645
3736.732	4073.231832
3749.937	4073.166743
3763.141	4069.91053
3776.344	4070.248958
3789.549	4065.31541
3802.752	4063.718783
3815.957	4056.245897
3829.161	4062.114332
3842.364	4050.394562
3855.568	4053.817573
3868.773	4048.538608
3881.976	4037.765233
3895.181	4037.68699
3908.385	4037.173813
3921.588	4040.58272
3934.792	4028.508854
3947.997	4032.449966
3961.2	4027.250919
3974.405	4025.871675
3987.609	4029.595701
4000.812	4016.17204
4014.016	4015.156164
4027.22	4018.839385
4040.425	4011.419422
4053.629	4010.812819
4066.832	4010.518949
4080.036	4003.679284
4093.241	3999.821511
4106.444	4004.602928
4119.649	3988.147706
4132.853	3998.83767
4146.056	3987.10427
4159.261	3991.227234
4172.465	3987.048244
4185.668	3987.942755
4198.872	3984.380131
4212.076	3979.442656
4225.28	3977.520544
4238.484	3977.800429
4251.688	3975.283646
4264.893	3974.180921
4278.097	3965.321609
4291.3	3965.339813
4304.504	3966.718415
4317.709	3959.035197
4330.912	3955.676887
4344.117	3957.696833
4357.32	3953.809651
4370.525	3955.721931
4383.728	3946.899289
4396.933	3950.099521
4410.137	3944.659854
4423.34	3937.468481
4436.545	3939.196757
4449.749	3938.907615
4462.952	3936.344857
4476.157	3934.110232
4489.361	3931.093572
4502.565	3927.312205
4515.769	3921.916719
4528.972	3915.835137
4542.177	3919.666002
4555.38	3917.457189
4568.585	3915.3619
4581.789	3907.676334
4594.993	3907.997538
4608.197	3907.572376
4621.401	3903.095549
4634.604	3911.072347
4647.809	3897.448777
4661.013	3898.818419
4674.217	3897.480032
4687.42	3899.151812
4700.625	3900.752613
4713.829	3892.816381
4727.032	3902.817554
4740.236	3895.601721
4753.44	3895.653011
4766.645	3891.830325
4779.848	3888.430917
4793.053	3889.674486
4806.257	3886.204475
4819.46	3878.992138
4832.664	3879.38036
4845.869	3878.505794
4859.072	3879.524666
4872.276	3868.615587
4885.481	3876.627784
4898.684	3865.576317
4911.889	3872.490139
4925.092	3858.195917
4938.296	3860.997757
4951.5	3864.601562
4964.705	3859.773458
4977.909	3856.040056
4991.112	3859.725346
5004.316	3860.48696
5017.52	3857.481427
5030.725	3850.539447
5043.929	3852.911364
5057.133	3847.631602
5070.336	3847.826266
5083.54	3843.681103
5096.745	3842.400469
5109.949	3837.633731
5123.152	3840.578788
5136.357	3829.833108
5149.56	3840.788524
5162.765	3830.735831
5175.969	3837.471453
5189.173	3830.751724
5202.376	3828.42469
5215.581	3819.070135
5228.784	3820.081369
5241.989	3816.417317
5255.192	3814.604406
5268.397	3817.750056
5281.601	3818.134887
5294.805	3812.680119
5308.009	3809.573655
5321.213	3810.610682
5334.416	3807.666338
5347.621	3805.060923
5360.824	3807.973227
5374.028	3805.8601
5387.233	3806.38
5400.436	3803.871571
5413.64	3797.653437
5426.845	3798.051396
5440.049	3798.297907
5453.252	3794.479343
5466.457	3789.290342
5479.66	3788.385959
5492.865	3792.082122
5506.068	3793.467917
5519.272	3791.410965
5532.477	3784.639829
5545.68	3784.973108
5558.884	3781.971444
5572.088	3777.326758
5585.292	3777.69128
5598.497	3777.20751
5611.701	3775.326614
5624.904	3779.221817
5638.108	3769.520042
5651.312	3777.135538
5664.517	3768.127266
5677.72	3760.784989
5690.925	3764.764715
5704.128	3761.290637
5717.333	3759.019742
5730.536	3758.524467
5743.741	3755.845558
5756.944	3760.796355
5770.149	3760.054603
5783.353	3750.968532
5796.557	3743.463639
5809.761	3752.862574
5822.964	3754.578878
5836.169	3746.924377
5849.373	3745.141856
5862.576	3741.567525
5875.78	3743.622484
5888.985	3745.983212
5902.189	3744.929861
5915.392	3743.073609
5928.597	3737.505765
5941.801	3746.946797
5955.004	3740.6728
5968.209	3731.132834
5981.412	3737.153257
5994.616	3734.504779
6007.82	3729.369779
6021.024	3730.010999
6034.229	3730.535036
6047.433	3730.594515
6060.636	3725.997216
6073.84	3725.292726
6087.045	3718.19073
6100.249	3721.962259
6113.452	3717.939607
6126.656	3719.265095
6139.861	3717.878869
6153.065	3717.858346
6166.268	3716.698204
6179.472	3718.324315
6192.677	3715.406044
6205.881	3717.420064
6219.084	3709.698688
6232.289	3710.94604
6245.492	3709.518255
6258.697	3711.506507
6271.9	3706.672438
6285.105	3707.689735
6298.308	3702.818073
6311.513	3702.401572
6324.716	3701.938789
6337.921	3704.083407
6351.124	3704.941253
6364.329	3698.735704
6377.532	3699.928999
6390.736	3693.903679
6403.94	3698.387615
6417.145	3698.751698
6430.349	3700.721423
6443.552	3694.266687
6456.756	3690.705141
6469.961	3693.84492
6483.165	3696.100329
6496.368	3691.28052
6509.573	3682.649285
6522.777	3683.490229
6535.98	3688.50957
6549.185	3680.908446
6562.388	3684.066651
6575.593	3685.787927
6588.797	3680.073341
6602.001	3684.385037
6615.204	3685.460246
6628.408	3683.613919
6641.612	3680.507613
6654.817	3681.756379
6668.02	3675.140398
6681.225	3678.484148
6694.429	3682.957973
6707.633	3685.151613
6720.837	3681.875128
6734.04	3678.244646
6747.245	3674.089009
6760.449	3672.483708
6773.653	3669.838976
6786.856	3667.77138
6800.06	3664.294634
6813.265	3663.681958
6826.469	3671.286939
6839.673	3667.942969
6852.876	3663.935522
6866.081	3658.416174
6879.285	3656.109248
6892.488	3654.668169
6905.692	3652.334716
6918.897	3651.414345
6932.1	3658.741804
6945.304	3652.792373
6958.508	3652.226608
6971.713	3654.417115
6984.917	3651.302495
6998.12	3650.78824
7011.325	3658.73844
7024.529	3653.825712
7037.733	3651.085819
7050.936	3649.340253
7064.14	3644.505497
7077.345	3643.42019
7090.549	3650.721832
7103.752	3643.221542
7116.956	3645.615108
7130.161	3649.079886
7143.365	3642.437254
7156.569	3637.772619
7169.772	3641.724852
7182.977	3637.686144
7196.18	3636.566754
7209.385	3631.621004
7222.588	3632.819594
7235.792	3634.253639
7248.997	3635.130176
7262.201	3637.782151
7275.404	3627.893831
7288.609	3627.191177
7301.813	3629.941783
7315.016	3628.400928
7328.221	3624.028359
7341.424	3627.983395
7354.628	3621.876015
7367.833	3628.170945
7381.037	3626.350501
7394.24	3621.496195
7407.445	3625.895941
7420.648	3617.912318
7433.853	3623.30257
7447.056	3617.256747
7460.261	3618.722586
7473.464	3618.6736
7486.669	3622.943987
7499.873	3614.565211
7513.077	3614.518492
7526.28	3615.549221
7539.484	3617.193814
7552.688	3613.211058
7565.893	3610.60983
7579.097	3611.815617
7592.3	3610.080789
7605.505	3616.532697
7618.708	3607.86369
7631.912	3612.266289
7645.116	3609.136536
7658.321	3609.077165
7671.524	3607.655503
7684.728	3599.384214
7697.933	3602.163193
7711.136	3605.395363
7724.34	3601.095423
7737.545	3596.321203
7750.749	3600.568454
7763.953	3602.674901
7777.156	3597.304757
7790.361	3599.037388
7803.564	3594.737168
7816.769	3599.042751
7829.972	3586.060752
7843.177	3592.533244
7856.38	3594.299805
7869.584	3594.231832
7882.789	3597.678715
7895.992	3594.710517
7909.197	3595.395776
7922.401	3595.513745
7935.605	3588.456882
7948.808	3597.669292
7962.012	3587.415792
7975.216	3591.801284
7988.421	3586.870155
8001.625	3584.685745
8014.829	3584.110854
8028.032	3582.941748
8041.237	3583.457691
8054.441	3583.784154
8067.645	3587.027114
8080.848	3581.332795
8094.052	3580.226563
8107.257	3577.962634
8120.46	3576.710142
8133.665	3579.044812
8146.868	3577.103168
8160.073	3578.997798
8173.277	3577.970083
8186.481	3577.43656
8199.685	3575.333002
8212.889	3579.738194
8226.092	3579.46669
8239.296	3568.731543
8252.501	3578.376377
8265.704	3576.587768
8278.908	3569.256175
8292.112	3572.004624
8305.317	3574.739021
8318.52	3576.816949
8331.724	3569.689742
8344.929	3572.564072
8358.132	3569.92344
8371.337	3569.600324
8384.541	3569.267292
8397.744	3571.083981
8410.949	3574.842966
8424.153	3562.33631
8437.356	3566.422719
8450.561	3567.627374
8463.765	3568.605696
8476.969	3565.521454
8490.173	3563.146706
8503.376	3566.559194
8516.581	3562.480844
8529.785	3563.14121
8542.988	3557.040444
8556.192	3560.554811
8569.397	3555.79608
8582.601	3561.743717
8595.804	3551.427861
8609.008	3555.744372
8622.213	3557.570312
8635.416	3555.271135
8648.62	3553.865341
8661.825	3556.753353
8675.028	3549.189776
8688.232	3550.927744
8701.437	3553.400106
8714.64	3554.558108
8727.845	3557.822182
8741.049	3553.61764
8754.252	3544.263736
8767.456	3545.189535
8780.66	3543.860379
8793.865	3538.622775
8807.069	3550.529618
8820.273	3542.201156
8833.477	3542.661892
8846.681	3541.413834
8859.884	3546.045542
8873.089	3544.39893
8886.292	3540.268239
8899.496	3542.065528
8912.701	3538.87674
8925.904	3543.006401
8939.108	3540.961766
8952.312	3542.992607
8965.516	3541.295197
8978.721	3535.884194
8991.924	3537.545587
9005.129	3535.742684
9018.332	3538.86424
9031.537	3536.853194
9044.74	3535.188219
9057.945	3540.523755
9071.148	3534.646249
9084.353	3537.937875
9097.557	3538.510068
9110.76	3531.599377
9123.964	3534.553668
9137.169	3531.976645
9150.372	3531.006688
9163.576	3531.784861
9176.781	3538.493614
9189.984	3533.984706
9203.189	3528.21648
9216.393	3529.200843
9229.596	3531.994892
9242.8	3532.140423
9256.005	3533.21289
9269.208	3530.375633
9282.413	3534.808411
9295.617	3533.18872
9308.821	3531.490621
9322.025	3532.783821
9335.228	3529.855477
9348.433	3536.478288
9361.636	3527.100358
9374.84	3534.093111
9388.045	3526.74332
9401.248	3537.424914
9414.452	3527.902376
9427.658	3532.547676
9440.86	3526.150132
9454.065	3525.237427
9467.268	3524.731151
9480.473	3531.037964
9493.676	3527.150074
9506.881	3533.35264
9520.084	3527.795926
9533.289	3528.894507
9546.493	3525.4157
9559.696	3528.858992
9572.9	3526.532367
9586.105	3518.610262
9599.309	3525.51531
9612.512	3518.251034
9625.716	3523.207899
9638.921	3519.432509
9652.125	3518.557048
9665.328	3522.385906
9678.533	3516.105439
9691.736	3519.830943
9704.941	3521.096133
9718.144	3517.048057
9731.349	3520.940856
9744.553	3521.138507
9757.757	3520.150644
9770.96	3518.413893
9784.164	3520.554891
9797.369	3511.598062
9810.572	3513.088801
9823.777	3514.591623
9836.981	3514.01928
9850.184	3509.724028
9863.389	3511.502134
9876.592	3516.53754
9889.796	3503.569255
9903.001	3509.891331
9916.204	3515.349932
9929.409	3509.570078
9942.612	3506.014835
9955.817	3508.997563
9969.02	3508.698203
9982.225	3503.680217
9995.428	3508.11619
10008.632	3507.765412
10021.837	3502.526578
10035.041	3506.72021
10048.245	3501.984937
10061.448	3506.201684
10074.652	3501.969343
10087.857	3507.182106
10101.06	3499.428534
10114.264	3503.510671
10127.468	3499.3222
10140.673	3500.827298
10153.877	3502.917564
10167.08	3502.497548
10180.284	3499.593697
10193.489	3499.957301
10206.692	3497.419107
10219.897	3499.932941
10233.101	3503.925175
10246.304	3497.02232
10259.508	3498.362133
10272.713	3492.315996
10285.916	3500.797387
10299.121	3495.910073
10312.324	3494.08331
10325.528	3494.447605
10338.733	3494.349456
10351.936	3501.240557
10365.141	3492.545664
10378.344	3490.735856
10391.548	3496.145688
10404.752	3495.698882
10417.956	3494.550456
10431.161	3494.271263
10444.364	3497.093881
10457.569	3491.483334
10470.772	3494.208037
10483.977	3492.171827
10497.181	3487.528388
10510.385	3486.231717
10523.588	3498.260424
10536.792	3494.695602
10549.997	3493.015212
10563.2	3484.832016
10576.405	3488.467165
10589.608	3492.611157
10602.813	3490.48829
10616.016	3492.325971
10629.22	3487.382447
10642.425	3486.020012
10655.629	3487.247074
10668.832	3494.024704
10682.037	3487.259856
10695.24	3489.113393
10708.445	3495.28053
10721.648	3478.888931
10734.853	3483.285771
10748.057	3486.196668
10761.26	3488.660866
10774.465	3487.511346
10787.668	3483.448932
10800.873	3479.37224
10814.077	3485.475983
10827.281	3485.818143
10840.484	3488.584797
10853.689	3482.970109
10866.892	3479.039506
10880.097	3487.818166
10893.3	3488.469798
10906.504	3487.789389
10919.708	3488.58046
10932.913	3488.021078
10946.116	3489.851413
10959.321	3486.002854
10972.524	3485.312886
10985.729	3481.895812
10998.932	3486.164078
11012.136	3481.990603
11025.34	3483.489051
11038.544	3480.102146
11051.749	3483.357768
11064.952	3487.287513
11078.156	3482.341753
11091.361	3486.581367
11104.564	3480.926282
11117.769	3483.56548
11130.973	3484.446679
11144.176	3478.188109
11157.381	3480.043395
11170.584	3484.815049
11183.788	3479.635451
11196.992	3481.296767
11210.196	3477.188051
11223.401	3484.870371
11236.604	3474.591515
11249.809	3477.561706
11263.013	3483.205759
11276.216	3473.577404
11289.421	3482.431081
11302.625	3478.441492
11315.828	3474.735759
11329.032	3475.745395
11342.237	3481.311156
11355.441	3478.276084
11368.644	3482.966711
11381.848	3475.784373
11395.053	3478.056322
11408.256	3472.016758
11421.461	3475.512306
11434.664	3476.348462
11447.868	3475.441792
11461.072	3468.485637
11474.277	3475.999584
11487.481	3477.205982
11500.684	3473.148391
11513.889	3471.163691
11527.093	3465.755736
11540.297	3466.826328
11553.5	3472.68462
11566.705	3475.889553
11579.909	3478.498242
11593.113	3469.009056
11606.316	3471.498294
11619.521	3480.818362
11632.724	3476.335827
11645.929	3474.228193
11659.132	3467.800475
11672.337	3477.150198
11685.541	3477.14522
11698.744	3475.556761
11711.949	3470.779143
11725.152	3476.155564
11738.357	3477.251961
11751.56	3470.852272
11764.765	3468.640935
11777.968	3473.109731
11791.172	3474.976894
11804.377	3472.772659
11817.581	3475.609844
11830.784	3460.838363
11843.989	3470.515955
11857.193	3465.18072
11870.397	3471.066375
11883.6	3460.40454
11896.804	3463.866725
11910.009	3461.732611
11923.212	3469.768081
11936.417	3468.308879
11949.62	3470.694146
11962.824	3463.629992
11976.029	3465.68878
11989.233	3466.215268
12002.436	3467.400783
12015.641	3469.293582
12028.845	3470.713172
12042.049	3470.057112
12055.252	3467.336531
12068.456	3463.208521
12081.661	3465.730021
12094.864	3461.285214
12108.068	3465.394003
12121.273	3457.488044
12134.477	3464.882535
12147.68	3458.86794
12160.885	3460.008033
12174.088	3466.071952
12187.293	3457.307934
12200.497	3469.862503
12213.701	3465.103551
12226.904	3470.891646
12240.109	3472.785772
12253.313	3468.590521
12266.516	3463.995986
12279.72	3466.229119
12292.924	3459.504412
12306.129	3461.79899
12319.332	3463.131824
12332.537	3465.870479
12345.74	3468.143764
12358.944	3469.083554
12372.149	3460.833498
12385.352	3463.987408
12398.557	3464.832596
12411.76	3457.806333
12424.964	3461.87905
12438.168	3462.943752
12451.372	3464.535563
12464.577	3473.602775
12477.78	3467.050525
12490.985	3466.696728
12504.188	3469.228677
12517.393	3462.109849
12530.596	3462.660125
12543.8	3466.616695
12557.005	3465.577688
12570.208	3467.401175
12583.413	3460.444611
12596.616	3463.712412
12609.82	3464.142072
12623.025	3461.864248
12636.229	3472.93383
12649.432	3461.528523
12662.637	3460.360635