2e-05 	0.914627  0.591738   0.2074285  0.1364248  0.01315159  0.01059267  0.0015569
6e-05 	0.06166167  0.1641924   0.2011838  0.1468544  0.03974953  0.02548306  0.007650332
0.0001 	0.0144424  0.07765452   0.1279296  0.1044581  0.05552222  0.03875281  0.01580034
0.00014 	0.005280974  0.04455323   0.08795861  0.08079887  0.05708722  0.03726693  0.01987085
0.00018 	0.00199762  0.02825862   0.06222061  0.06365801  0.05594934  0.03428146  0.02456085
0.00022 	0.000797244  0.01975328   0.04466881  0.05096769  0.04942738  0.03267668  0.02562122
0.00026 	0.0003856489  0.01434482   0.03489299  0.04091467  0.04576941  0.03168724  0.02834824
0.0003 	0.0002556223  0.01011653   0.02666593  0.03516519  0.04113926  0.02956681  0.03006578
0.00034 	0.0001580252  0.007355211   0.02120916  0.03005581  0.03722896  0.02712545  0.02698378
0.00038 	8.770413e-05  0.005704818   0.01766577  0.02593073  0.03351116  0.02602805  0.02732315
0.00042 	5.203658e-05  0.00482487   0.01422885  0.02123257  0.02963513  0.02315655  0.02413308
0.00046 	3.461508e-05  0.004120135   0.01275581  0.01848103  0.02631496  0.02264408  0.02280501
0.0005 	2.853405e-05  0.003421306   0.01131116  0.01690862  0.02475162  0.02147618  0.02308758
0.00054 	1.893929e-05  0.003125985   0.00997793  0.0138632  0.02179873  0.01804961  0.02272617
0.00058 	2.339701e-05  0.002583135   0.008430478  0.01247748  0.0207585  0.01828571  0.02108503
0.00062 	1.434547e-05  0.002144107   0.007518788  0.01135691  0.01738403  0.01627408  0.01995385
0.00066 	1.545311e-05  0.001986901   0.006660382  0.01026136  0.01731349  0.01593691  0.01898501
0.0007 	1.116537e-05  0.001585063   0.006396821  0.009870465  0.01649262  0.01545686  0.01770513
0.00074 	1.421699e-05  0.001235273   0.00501748  0.008843209  0.01410169  0.0137709  0.01548689
0.00078 	1.158326e-05  0.00113212   0.00496802  0.007686393  0.01343283  0.01350545  0.01527363
0.00082 	7.448403e-06  0.0009354719   0.00451895  0.006970962  0.01242465  0.01358159  0.01436405
0.00086 	6.983942e-06  0.0008871722   0.003819484  0.006039662  0.01279608  0.01186698  0.01405963
0.0009 	4.896653e-06  0.0007259262   0.00390761  0.005618701  0.01144522  0.01265909  0.01286483
0.00094 	4.506837e-06  0.0007082789   0.003407669  0.005418679  0.01008021  0.01128166  0.0124908
0.00098 	2.140438e-06  0.0006460244   0.003235169  0.005034673  0.009916088  0.01093249  0.01270808
0.00102 	2.273805e-06  0.0005276858   0.003080956  0.004909247  0.01009343  0.01058487  0.01114058
0.00106 	3.498153e-06  0.0005370823   0.002839139  0.004821901  0.008446045  0.009105766  0.01024279
0.0011 	3.210992e-06  0.0004969616   0.002462555  0.004376999  0.008801764  0.009602619  0.01092507
0.00114 	2.165878e-06  0.0004191185   0.002678437  0.004193644  0.007889638  0.009295481  0.01037784
0.00118 	2.415297e-06  0.0003491417   0.00231729  0.003718036  0.007971292  0.008995273  0.009715069
0.00122 	2.295329e-06  0.0003520297   0.002171559  0.003265316  0.007083109  0.008458412  0.009220808
0.00126 	1.63294e-06  0.0003112682   0.002031427  0.003140048  0.007023029  0.008157224  0.009432112
0.0013 	2.570885e-06  0.0002851467   0.001852088  0.002990164  0.006992006  0.007923207  0.008615459
0.00134 	1.951828e-06  0.0002444563   0.001867092  0.003236398  0.00603474  0.008265515  0.008745734
0.00138 	1.929424e-06  0.0002519159   0.001568618  0.002758359  0.006032484  0.007636604  0.008248929
0.00142 	1.212798e-06  0.0001760677   0.001427679  0.002641523  0.00543612  0.007066042  0.00912793
0.00146 	9.472907e-07  0.0001873547   0.001823054  0.002682358  0.005513195  0.00720487  0.007313872
0.0015 	1.360708e-06  0.0001610944   0.00149825  0.002382094  0.004524056  0.006841862  0.007687364
0.00154 	1.943785e-06  0.0001504617   0.001232379  0.002235241  0.005125041  0.005725407  0.007697917
0.00158 	1.453633e-06  0.0001419355   0.001265717  0.002543866  0.004841787  0.006227175  0.006670881
0.00162 	1.215759e-06  0.0001256425   0.001017757  0.002071957  0.004489369  0.00593093  0.007068133
0.00166 	7.53804e-07  0.0001111358   0.00109438  0.001981269  0.004320616  0.006276646  0.006333264
0.0017 	1.035853e-06  0.0001199578   0.001095017  0.002114465  0.004069304  0.006074911  0.006524472
0.00174 	7.39731e-07  0.0001236075   0.001017541  0.001975449  0.003813585  0.005789558  0.00617058
0.00178 	6.516768e-07  8.320569e-05   0.000832551  0.001824429  0.003640001  0.005153519  0.00583654
0.00182 	9.375374e-07  7.035495e-05   0.0008979891  0.001709239  0.00343146  0.005018693  0.005486493
0.00186 	1.602486e-06  6.476067e-05   0.0008694895  0.001671238  0.003799574  0.005442112  0.006398355
0.0019 	2.112737e-07  5.218144e-05   0.0007792226  0.001629373  0.003194827  0.004954526  0.005580954
0.00194 	2.214209e-07  5.115671e-05   0.0007831415  0.001439454  0.003205888  0.004643579  0.005294067
0.00198 	3.516441e-07  5.89901e-05   0.0008663883  0.001368598  0.003235443  0.005141373  0.005775863
0.00202 	2.577747e-07  4.591406e-05   0.000670952  0.001304667  0.003220996  0.004410685  0.004659328
0.00206 	4.283396e-07  4.408024e-05   0.0006969585  0.001236443  0.002853587  0.004320651  0.005063542
0.0021 	1.332036e-07  3.891631e-05   0.000567478  0.001266225  0.002856818  0.004460638  0.004806209
0.00214 	5.512019e-07  3.374293e-05   0.0005922158  0.001225188  0.0029618  0.004138707  0.005007691
0.00218 	1.576331e-07  2.68e-05   0.0005041944  0.001302011  0.002784721  0.004257553  0.004748732
0.00222 	4.145413e-07  2.688112e-05   0.0005986107  0.001119405  0.002626118  0.003730194  0.004433959
0.00226 	6.556814e-07  3.083715e-05   0.0005141527  0.0009775567  0.002325352  0.003552982  0.003978419
0.0023 	6.71462e-07  3.134441e-05   0.0005952156  0.001153008  0.002527446  0.004015205  0.004029497
0.00234 	5.232672e-07  1.843093e-05   0.0004444275  0.00114689  0.002369945  0.003787551  0.004140817
0.00238 	3.113568e-07  2.443175e-05   0.0004576177  0.001074685  0.002659856  0.003784552  0.003879834
0.00242 	2.651097e-07  2.061225e-05   0.0004802691  0.0009808227  0.002357865  0.00354666  0.003511995
0.00246 	5.020483e-07  1.368902e-05   0.0004365392  0.001001608  0.002123517  0.003349137  0.003788549
0.0025 	1.775519e-07  2.156252e-05   0.0004327945  0.0009302845  0.002182882  0.003464799  0.003806232
0.00254 	4.193389e-07  1.844905e-05   0.0004652102  0.0009521783  0.001909939  0.003467302  0.00391733
0.00258 	1.873155e-06  1.777558e-05   0.0004054558  0.0009110811  0.002016208  0.003195868  0.003453752
0.00262 	1.241601e-06  2.353044e-05   0.0003917424  0.0007739319  0.002103867  0.003409065  0.003595678
0.00266 	5.425859e-07  1.824787e-05   0.0003933085  0.0007149565  0.00205246  0.003303052  0.003574762
0.0027 	7.685461e-07  1.379067e-05   0.0003405332  0.0008306264  0.001825387  0.0033181  0.003310994
0.00274 	7.223778e-07  1.086126e-05   0.0003625193  0.0008798757  0.00200088  0.002854214  0.003190271
0.00278 	1.976812e-07  1.175925e-05   0.000302175  0.0006454328  0.001850193  0.002531117  0.002878929
0.00282 	2.633009e-07  9.5244e-06   0.0003494413  0.0007364892  0.00196465  0.002469734  0.003034256
0.00286 	2.705999e-07  8.921926e-06   0.0002507421  0.0007991216  0.001737265  0.002694071  0.002775482
0.0029 	1.81252e-07  8.870566e-06   0.0002569822  0.0007386395  0.001688111  0.002548627  0.002844886
0.00294 	3.477745e-07  1.22531e-05   0.0002580272  0.0006830019  0.001667289  0.00240251  0.002554742
0.00298 	2.848866e-07  1.039577e-05   0.0002915969  0.0006758447  0.00180396  0.002509149  0.003018886
0.00302 	1.123674e-07  7.155647e-06   0.0002323895  0.0006011837  0.001673041  0.00272021  0.002803533
0.00306 	1.570239e-07  7.247385e-06   0.0002485893  0.0006399575  0.001589401  0.002344168  0.002557492
0.0031 	0  1.137284e-05   0.0002841677  0.0006788226  0.001389225  0.002273038  0.002740641
0.00314 	1.165724e-07  8.562782e-06   0.00026699  0.0005917183  0.001658655  0.002363902  0.002346153
0.00318 	8.170777e-08  7.290428e-06   0.0002181177  0.000537021  0.001438678  0.002260286  0.002435129
0.00322 	1.099259e-07  6.931499e-06   0.0002033512  0.0005452009  0.001296846  0.002110922  0.00221453
0.00326 	4.486914e-08  6.853034e-06   0.0001871473  0.00048524  0.001393652  0.002240537  0.002226887
0.0033 	0  9.058558e-06   0.000192143  0.000519491  0.001355149  0.002347048  0.002493895
0.00334 	4.486897e-08  1.003981e-05   0.0001973787  0.0005074125  0.00161721  0.002328343  0.002319404
0.00338 	4.486692e-08  3.893838e-06   0.0002166713  0.0004858345  0.001313418  0.002169138  0.002348369
0.00342 	1.130175e-07  6.321361e-06   0.0002109089  0.000482826  0.001402976  0.002160906  0.002297976
0.00346 	0  7.085092e-06   0.0002248055  0.0004105711  0.001170632  0.001921773  0.002368272
0.0035 	4.486914e-08  6.177443e-06   0.0002007691  0.0005104615  0.001352344  0.001822685  0.002262772
0.00354 	1.689142e-07  3.74355e-06   0.0001948637  0.000391363  0.001262326  0.002042885  0.002142472
0.00358 	0  5.36649e-06   0.0001776624  0.0003394717  0.001017478  0.002032957  0.002008989
0.00362 	8.973852e-08  4.210994e-06   0.0001729909  0.000473371  0.001217515  0.002080846  0.001909765
0.00366 	4.486913e-08  6.757723e-06   0.0002009846  0.0004193195  0.00119805  0.001511327  0.002081968
0.0037 	4.486913e-08  7.152374e-06   0.0001905803  0.0003573954  0.001054577  0.001653223  0.002060777
0.00374 	8.973827e-08  5.635633e-06   0.0002026299  0.0003565835  0.0009675893  0.001832226  0.001727264
0.00378 	1.346074e-07  3.129274e-06   0.0001452804  0.0003230219  0.0009412972  0.001810222  0.001925816
0.00382 	8.973824e-08  6.276916e-06   0.0001650361  0.0003519578  0.001086218  0.001441953  0.001592131
0.00386 	3.021722e-07  1.234938e-06   0.0001561819  0.0003788904  0.0009290517  0.001728998  0.001818101
0.0039 	0  2.740844e-06   0.0001844934  0.0003448245  0.001008761  0.001698152  0.001509384
0.00394 	0  3.178802e-06   0.0001320419  0.0003141881  0.0008835294  0.001688016  0.001823396
0.00398 	8.16318e-08  4.706105e-06   0.0001282161  0.0003606876  0.001172582  0.001503803  0.001297236
0.00402 	0  2.253852e-06   0.0001255884  0.0003143508  0.001057808  0.001790893  0.001732141
0.00406 	8.352443e-08  3.58077e-06   0.0001514146  0.0002477974  0.0008224591  0.001698876  0.001857048
0.0041 	0  4.022185e-06   0.0001432279  0.0003198497  0.0008677653  0.001636039  0.001592893
0.00414 	8.516865e-08  1.793885e-06   0.0001111692  0.0002637169  0.0009381226  0.001676314  0.001800693
0.00418 	1.636306e-07  2.425017e-06   0.0001590095  0.0002824465  0.0008153858  0.001725435  0.001577324
0.00422 	8.86508e-08  1.712605e-06   0.000167381  0.0002762647  0.0009699837  0.001551293  0.001546538
0.00426 	1.14054e-07  2.024824e-06   0.0001750903  0.0002451507  0.0009135462  0.001390494  0.001532409
0.0043 	1.814031e-07  1.959161e-06   0.0001196658  0.0002212177  0.0007905274  0.001308775  0.001793653
0.00434 	9.091389e-08  6.929361e-07   0.0001211926  0.0003045802  0.0008494236  0.00125963  0.001319155
0.00438 	1.818851e-07  1.78359e-06   0.0001045159  0.000290881  0.0009016161  0.001395254  0.001645184
0.00442 	1.818902e-07  7.525177e-07   0.0001683338  0.0002482221  0.0007842094  0.001539984  0.001453425
0.00446 	9.094083e-08  1.036493e-06   9.943265e-05  0.0002217332  0.0007096983  0.001513892  0.001536561
0.0045 	2.685603e-07  1.97123e-06   9.308098e-05  0.000215652  0.0006857386  0.001383905  0.001355791
0.00454 	9.09206e-08  1.955001e-06   0.000100367  0.0002550083  0.0007742716  0.00130928  0.001418435
0.00458 	1.818356e-07  1.193297e-06   8.961742e-05  0.0002297796  0.0006493751  0.001174083  0.001406607
0.00462 	1.818336e-07  6.688383e-07   8.42999e-05  0.0002620926  0.0007182569  0.0012776  0.001595059
0.00466 	9.092031e-08  1.664058e-06   9.08838e-05  0.0002588142  0.000928911  0.00143144  0.001235679
0.0047 	1.818287e-07  1.230839e-06   7.664161e-05  0.0002580148  0.0006846013  0.001093874  0.001394591
0.00474 	9.091135e-08  9.245297e-07   7.733215e-05  0.0002110367  0.0007526439  0.001219919  0.00106376
0.00478 	2.719194e-07  1.421496e-06   7.072838e-05  0.0002062838  0.0008916728  0.001218074  0.001142853
0.00482 	9.093187e-08  1.068173e-06   0.0001048441  0.0002018971  0.0005438526  0.001176705  0.001226949
0.00486 	1.81916e-07  1.467332e-06   7.60879e-05  0.0001960852  0.0006673955  0.001041965  0.001203188
0.0049 	2.729241e-07  1.377227e-06   7.01845e-05  0.0002422431  0.0006525505  0.001122445  0.001367076
0.00494 	0  1.703551e-06   0.0001135378  0.0001608629  0.0006402235  0.001064509  0.001239445
0.00498 	0  1.567463e-06   7.189385e-05  0.0002339636  0.0006033848  0.001010118  0.001192459
0.00502 	0  1.152073e-06   5.024848e-05  0.0002247611  0.0005846592  0.001046239  0.001340219
0.00506 	0  1.405357e-06   7.111417e-05  0.0002190293  0.00066734  0.0009275366  0.00129866
0.0051 	0  1.294926e-06   7.155248e-05  0.000241822  0.0007113058  0.0008190981  0.001301843
0.00514 	0  8.948842e-07   6.762571e-05  0.0001704177  0.000495924  0.001024366  0.001153974
0.00518 	0  7.153832e-07   6.489613e-05  0.0002004827  0.0006022532  0.0009622356  0.0009693339
0.00522 	0  1.75811e-06   5.961367e-05  0.0001856751  0.0006113333  0.0008593517  0.001171607
0.00526 	0  1.267758e-06   5.731922e-05  0.0001926209  0.0004976442  0.0009680379  0.001223787
0.0053 	0  7.933316e-07   6.226733e-05  0.0001693143  0.0005603402  0.001014664  0.001277391
0.00534 	0  7.335051e-07   5.085752e-05  0.0001719506  0.0007798124  0.0009365123  0.001024156
0.00538 	0  1.226535e-06   5.339178e-05  0.0001647826  0.0007547397  0.0009913944  0.001269557
0.00542 	0  9.991805e-07   4.785984e-05  0.0001482754  0.0005425143  0.001174412  0.001181142
0.00546 	0  1.601651e-06   5.332374e-05  0.0001507092  0.000709679  0.001126135  0.001198799
0.0055 	0  8.235821e-07   4.071203e-05  0.0001978727  0.0006670936  0.0009586254  0.001192033
0.00554 	0  5.922955e-07   5.45648e-05  0.00016082  0.0005451002  0.0009043474  0.001061755
0.00558 	0  5.492932e-07   4.815126e-05  0.0001602776  0.0005963883  0.0008986079  0.0009415739
0.00562 	0  1.102543e-06   5.231012e-05  0.0001505639  0.000560111  0.0007960851  0.0009092386
0.00566 	0  5.763659e-07   3.810799e-05  0.0001968103  0.0005654853  0.0009624262  0.001039649
0.0057 	0  9.418243e-07   5.483726e-05  0.0001525028  0.0004797633  0.0007383854  0.0008166531
0.00574 	0  1.352118e-06   4.17642e-05  0.0001512592  0.000642535  0.0007194746  0.001003801
0.00578 	0  1.213905e-07   4.360909e-05  0.0001576473  0.0005626784  0.0008740809  0.0009610121
0.00582 	0  6.999295e-07   4.576705e-05  0.0001700588  0.0004326693  0.0009095564  0.0009777684
0.00586 	0  4.215419e-07   6.315716e-05  0.0001411647  0.0006467445  0.000878666  0.0009364004
0.0059 	0  6.934183e-07   4.375929e-05  0.0001257878  0.000479046  0.00103779  0.0009188413
0.00594 	0  8.184666e-07   3.062257e-05  0.0001218595  0.0003753504  0.0009404439  0.001047646
0.00598 	0  7.95785e-07   4.132668e-05  0.000130177  0.0004396635  0.0007558001  0.000791737
0.00602 	0  5.627935e-07   4.334403e-05  0.0001311729  0.0004660152  0.0005927089  0.0008534193
0.00606 	0  4.713498e-07   4.094256e-05  0.0001472829  0.0004955197  0.001069845  0.0009179776
0.0061 	0  7.224596e-07   4.586971e-05  0.0001132025  0.0004238707  0.0006932473  0.001040262
0.00614 	0  8.660656e-07   3.610871e-05  0.0001723962  0.000452505  0.0007556582  0.0006659417
0.00618 	0  6.143414e-07   3.750096e-05  0.0001310117  0.0004739492  0.0007380317  0.0008706545
0.00622 	0  3.714091e-07   3.819355e-05  0.0001358664  0.0004441093  0.0008410325  0.0007181509
0.00626 	0  7.29536e-07   3.322121e-05  0.0001247993  0.0005265216  0.000760678  0.000804797
0.0063 	0  4.664351e-07   2.83727e-05  0.0001177852  0.0003703421  0.0007256558  0.0009940399
0.00634 	0  2.533708e-07   3.649006e-05  0.0001485781  0.0003750727  0.0006259417  0.000778043
0.00638 	0  1.043542e-06   3.934416e-05  0.0001285569  0.0003949113  0.0007443242  0.0008292539
0.00642 	0  6.925469e-07   3.434514e-05  0.000112852  0.0004355226  0.0005974573  0.0009906062
0.00646 	0  1.590639e-07   3.375078e-05  0.0001199382  0.0004147474  0.0008239224  0.0007599435
0.0065 	0  6.950266e-07   3.729152e-05  0.0001009802  0.0004306069  0.0009925106  0.0007065488
0.00654 	0  6.976496e-07   3.202157e-05  0.0001101218  0.0004107749  0.0005883261  0.0009524485
0.00658 	0  3.420454e-07   3.13807e-05  0.000164145  0.000531492  0.0006194498  0.0008059105
0.00662 	0  6.065102e-07   3.431394e-05  0.0001263963  0.0004892768  0.0005403581  0.0007757857
0.00666 	0  1.669729e-07   2.756169e-05  0.0001168187  0.000483688  0.0006437136  0.0009543184
0.0067 	0  4.697732e-07   2.331503e-05  9.259351e-05  0.0004291766  0.0006845218  0.0009006944
0.00674 	0  4.415628e-07   3.128069e-05  9.437252e-05  0.0004502357  0.0006837964  0.0007296568
0.00678 	0  1.021675e-06   2.620534e-05  9.130384e-05  0.0003948611  0.0006134434  0.0009249785
0.00682 	0  1.082391e-06   3.076044e-05  9.467135e-05  0.0003814317  0.0006144124  0.0007392733
0.00686 	0  1.384246e-06   2.398361e-05  9.923223e-05  0.00032075  0.0007098791  0.0007117261
0.0069 	0  5.61606e-07   2.564789e-05  0.0001799558  0.0003100294  0.0005723662  0.0007330359
0.00694 	0  5.052733e-07   2.084081e-05  0.0001017188  0.000441846  0.0006177125  0.0008044453
0.00698 	0  1.72884e-07   2.273196e-05  0.0001074868  0.0002911053  0.0007957392  0.0007254032
0.00702 	0  5.727041e-07   2.524467e-05  9.798083e-05  0.0002982219  0.0005610585  0.0006655058
0.00706 	0  6.002054e-07   2.446318e-05  9.593119e-05  0.0002542103  0.0007809971  0.0006592087
0.0071 	0  1.576261e-07   2.064646e-05  0.0001399121  0.0003213616  0.0005561561  0.0006727667
0.00714 	0  2.512527e-07   2.138114e-05  8.733334e-05  0.0003900363  0.0005413142  0.0007772354
0.00718 	0  3.801342e-07   2.458124e-05  8.467004e-05  0.0003256976  0.0006635851  0.0007523408
0.00722 	0  3.288315e-07   1.857869e-05  9.168103e-05  0.0003145024  0.0007222314  0.0005425603
0.00726 	0  3.276447e-07   2.788956e-05  0.0001148852  0.0003429465  0.0006266473  0.0006179158
0.0073 	0  4.25881e-07   2.227007e-05  7.086429e-05  0.0003237117  0.0006424496  0.0005188055
0.00734 	0  2.085139e-07   1.355207e-05  8.312304e-05  0.0003356001  0.0006609819  0.0007243111
0.00738 	0  4.424628e-07   1.636136e-05  0.000118267  0.0003687102  0.0006601886  0.0006390181
0.00742 	0  4.348388e-07   1.571887e-05  7.860497e-05  0.0002430283  0.0004688167  0.0006013362
0.00746 	0  2.389927e-07   2.021296e-05  8.018535e-05  0.0003344713  0.0005340141  0.0007333029
0.0075 	0  9.369643e-08   1.912626e-05  8.05123e-05  0.0003696308  0.0004067169  0.0007800596
0.00754 	0  2.565764e-07   2.343095e-05  9.903457e-05  0.0003252788  0.0005971569  0.000694802
0.00758 	0  2.682386e-07   1.274923e-05  7.729927e-05  0.0002690036  0.0005089965  0.0007422458
0.00762 	0  2.231685e-07   1.449451e-05  8.456355e-05  0.000292116  0.0005795049  0.0007014363
0.00766 	0  1.886509e-07   1.007849e-05  6.662822e-05  0.0003049101  0.0007422542  0.0005310788
0.0077 	0  6.910048e-07   1.816148e-05  7.645458e-05  0.0002991718  0.0005832517  0.0007263151
0.00774 	0  3.407907e-07   1.468123e-05  7.603812e-05  0.0002736884  0.0005231429  0.0006756608
0.00778 	0  2.601991e-07   1.686628e-05  7.422967e-05  0.0003422698  0.0005358514  0.0006234485
0.00782 	0  2.84348e-07   1.673688e-05  6.067597e-05  0.0003039768  0.0004840345  0.0006871407
0.00786 	0  5.801726e-07   1.877497e-05  8.023471e-05  0.0002645843  0.0005955424  0.000636271
0.0079 	0  2.985306e-07   1.072484e-05  7.514758e-05  0.0002702607  0.0004240905  0.0005781102
0.00794 	0  1.007907e-07   1.694554e-05  7.047443e-05  0.0002731376  0.0005452446  0.0005496044
0.00798 	0  2.254835e-07   1.340322e-05  6.244827e-05  0.0003486577  0.0004046709  0.0005899535
0.00802 	0  6.980843e-07   1.373779e-05  6.564471e-05  0.0002908038  0.0004758052  0.0005157431
0.00806 	0  0   1.17441e-05  6.458976e-05  0.0003026676  0.0005026565  0.0005935445
0.0081 	0  1.196507e-07   1.606546e-05  7.586405e-05  0.0002731886  0.0004515882  0.0004924981
0.00814 	0  3.673629e-07   1.700005e-05  7.592146e-05  0.0002627395  0.0005354682  0.0007891647
0.00818 	0  2.521734e-07   1.493437e-05  6.700463e-05  0.0001950432  0.0004566943  0.0006203572
0.00822 	0  3.810258e-07   1.648155e-05  6.439245e-05  0.0002210034  0.0004541022  0.000549351
0.00826 	0  5.410218e-07   1.934518e-05  6.409576e-05  0.0002842042  0.0004686632  0.0005900194
0.0083 	0  3.665739e-07   1.993677e-05  6.364872e-05  0.0001831118  0.0004350466  0.0005866097
0.00834 	0  1.475265e-07   1.778068e-05  6.196115e-05  0.0002114824  0.0005173622  0.0004830799
0.00838 	0  1.000728e-07   1.176894e-05  4.422039e-05  0.0002731208  0.0004820888  0.0006321435
0.00842 	0  6.05069e-08   1.515415e-05  5.497573e-05  0.0002108958  0.0004667796  0.0004829361
0.00846 	0  0   1.288086e-05  6.259504e-05  0.000219322  0.0004340464  0.0004866372
0.0085 	0  2.818666e-07   1.096962e-05  5.652571e-05  0.0003531416  0.0005450001  0.0004846783
0.00854 	0  3.012309e-07   1.679637e-05  5.693587e-05  0.0002521516  0.0005054359  0.0005447281
0.00858 	0  1.712422e-07   1.84534e-05  5.234831e-05  0.0002056563  0.0004513891  0.0005550564
0.00862 	0  2.999072e-07   1.10338e-05  5.614101e-05  0.0002354475  0.0004062558  0.0004541728
0.00866 	0  1.085439e-07   1.386647e-05  7.009884e-05  0.0001777451  0.0005181361  0.0005138547
0.0087 	0  1.708115e-07   1.359117e-05  6.03793e-05  0.0002154298  0.0003977811  0.0004312816
0.00874 	0  4.271862e-07   1.383885e-05  4.961075e-05  0.0002050638  0.0005615582  0.0004472016
0.00878 	0  3.892593e-07   9.764255e-06  5.217859e-05  0.0003482033  0.000423177  0.0005126988
0.00882 	0  1.370405e-07   1.080126e-05  4.923346e-05  0.0002639678  0.0003966374  0.0005801887
0.00886 	0  1.405954e-07   1.039556e-05  5.649578e-05  0.0002173715  0.0004024569  0.0006767549
0.0089 	0  2.579197e-07   6.797381e-06  4.67647e-05  0.0001649048  0.0003755441  0.000446502
0.00894 	0  1.689767e-07   8.359196e-06  4.100813e-05  0.0002206821  0.0004696005  0.0005140305
0.00898 	0  2.243251e-07   1.058797e-05  6.105862e-05  0.0002135392  0.0003300065  0.0005019858
0.00902 	0  2.250968e-07   1.037601e-05  9.163104e-05  0.0001976651  0.0003209366  0.0005343588
0.00906 	0  3.056142e-07   1.086489e-05  4.324309e-05  0.0002714007  0.0005151512  0.0005143407
0.0091 	0  2.196721e-07   1.340887e-05  8.369429e-05  0.0002024236  0.0004092774  0.0004128355
0.00914 	0  3.955485e-07   8.092166e-06  8.865882e-05  0.0001864769  0.0004209579  0.0005235625
0.00918 	0  2.542124e-07   9.466977e-06  5.272967e-05  0.0001846294  0.0004921355  0.0006020874
0.00922 	0  1.355529e-07   1.132473e-05  4.570565e-05  0.0002400056  0.0003949993  0.0004760345
0.00926 	0  1.291176e-07   1.041124e-05  4.313784e-05  0.0001857452  0.0004531415  0.0005482903
0.0093 	0  2.935622e-07   8.377144e-06  5.001162e-05  0.0001804796  0.0003322475  0.0004540301
0.00934 	0  6.500333e-07   9.931752e-06  4.999281e-05  0.0001935276  0.0002914089  0.0004551147
0.00938 	0  1.972013e-07   9.980179e-06  5.16132e-05  0.0002095585  0.0003563455  0.0005242317
0.00942 	0  1.684125e-07   1.027663e-05  4.906003e-05  0.0001930802  0.0004364932  0.0005011779
0.00946 	0  2.38212e-07   1.066011e-05  3.684783e-05  0.0001821887  0.0003862869  0.0004731845
0.0095 	0  1.459841e-07   7.92287e-06  3.810244e-05  0.0003095133  0.0004214736  0.0005406693
0.00954 	0  4.240795e-07   6.61728e-06  4.213175e-05  0.0001589027  0.0003529399  0.0004128073
0.00958 	0  5.349711e-08   8.189508e-06  3.540613e-05  0.0001875815  0.0003807954  0.0004574527
0.00962 	0  1.883962e-07   7.16214e-06  3.405193e-05  0.0002190161  0.0003941423  0.0003723402
0.00966 	0  1.035354e-07   7.616692e-06  3.853627e-05  0.0002197312  0.0004226938  0.0004659132
0.0097 	0  2.153817e-07   5.582019e-06  3.103782e-05  0.0002534493  0.0003195529  0.0003798484
0.00974 	0  1.955761e-07   8.532771e-06  4.131987e-05  0.0002455614  0.0003952914  0.0005342578
0.00978 	0  2.912412e-07   7.084009e-06  4.192875e-05  0.0001401559  0.0003828421  0.0003249997
0.00982 	0  2.21938e-07   3.936341e-06  3.617101e-05  0.000150228  0.0004321304  0.0004417008
0.00986 	0  0   1.095296e-05  3.11122e-05  0.0003009186  0.0003253986  0.0003763149
0.0099 	0  6.019576e-08   8.222205e-06  3.994578e-05  0.0001703543  0.0003514079  0.0004697617
0.00994 	0  5.349732e-08   7.601916e-06  4.136318e-05  0.0001581492  0.0002937511  0.0004291159
0.00998 	0  8.807836e-08   6.806479e-06  3.614906e-05  0.000179211  0.0003467802  0.0003294398
0.01002 	0  5.003733e-08   7.052676e-06  3.710719e-05  0.0002098585  0.0004091096  0.0003318629
0.01006 	0  0   6.866068e-06  3.660365e-05  0.0001044338  0.0003327649  0.0003978849
0.0101 	0  1.706154e-07   4.455232e-06  4.343832e-05  0.0002656544  0.0003499065  0.0004078648
0.01014 	0  4.145488e-08   6.212919e-06  2.735895e-05  0.0001728397  0.0002690197  0.0004427986
0.01018 	0  1.00074e-07   6.322576e-06  2.955694e-05  0.000155069  0.0002488316  0.0003602789
0.01022 	0  1.627356e-07   6.168936e-06  3.058624e-05  0.0002955339  0.000334303  0.0003592701
0.01026 	0  9.251574e-08   9.042866e-06  3.140108e-05  0.0001445028  0.0003155021  0.0003113174
0.0103 	0  3.342728e-07   8.128916e-06  3.585284e-05  0.0001601008  0.0002634566  0.0004971598
0.01034 	0  6.360435e-08   7.394121e-06  3.644021e-05  0.0001894168  0.0003211259  0.0004067409
0.01038 	0  0   7.307085e-06  3.170329e-05  0.00012496  0.0003106174  0.0004380489
0.01042 	0  1.001974e-07   7.755532e-06  3.030401e-05  0.0001509306  0.0003064179  0.0004291112
0.01046 	0  2.535016e-07   6.644229e-06  3.225558e-05  0.0001599378  0.0003717862  0.000336864
0.0105 	0  2.30976e-07   4.567152e-06  3.342642e-05  0.0002104931  0.0003342658  0.0003271116
0.01054 	0  2.469741e-07   4.874835e-06  3.824493e-05  0.0001260136  0.0003040611  0.0004038113
0.01058 	0  1.890438e-07   6.844052e-06  4.060038e-05  0.0001756686  0.0002718578  0.0003936018
0.01062 	0  7.62824e-08   4.50592e-06  2.683911e-05  0.0001929529  0.0002137907  0.0004341528
0.01066 	0  1.62696e-07   5.203951e-06  4.209502e-05  0.0001311526  0.0002934285  0.0003471355
0.0107 	0  1.802456e-07   7.668578e-06  3.781053e-05  0.0001452097  0.0003025851  0.0005410865
0.01074 	0  2.001592e-07   5.901423e-06  3.414951e-05  0.0001201214  0.0003090098  0.0003977325
0.01078 	0  3.156634e-07   3.632051e-06  2.520576e-05  0.0001702996  0.0002475229  0.0004214373
0.01082 	0  1.227648e-07   3.994455e-05  2.46887e-05  0.0001479131  0.0002391696  0.0003439848
0.01086 	0  6.361896e-08   6.244062e-06  2.187362e-05  0.0001809792  0.000290816  0.0004174185
0.0109 	0  3.056324e-07   5.51087e-06  2.785001e-05  0.0001049189  0.0003104162  0.0005265826
0.01094 	0  6.000697e-08   4.236608e-05  2.838341e-05  0.0001501688  0.0003117673  0.0003822358
0.01098 	0  5.916137e-08   5.952796e-06  2.843086e-05  0.000197548  0.0002133133  0.0004394961
0.01102 	0  2.869507e-07   7.537663e-06  2.280187e-05  9.927688e-05  0.0002626407  0.0003065986
0.01106 	0  2.124533e-07   3.52656e-06  3.386356e-05  0.0001351899  0.0002688219  0.0003097903
0.0111 	0  5.127549e-07   3.845785e-06  3.179652e-05  0.0001046057  0.0002903815  0.0004076505
0.01114 	0  3.375894e-07   4.208331e-06  2.599368e-05  0.0001411964  0.0002626579  0.0003658174
0.01118 	0  5.349821e-08   4.357402e-06  2.978864e-05  0.0002727258  0.0003653075  0.000408076
0.01122 	0  2.496912e-07   4.044973e-06  2.453942e-05  0.0001745652  0.0003004758  0.000313004
0.01126 	0  1.609274e-07   5.157819e-06  2.931918e-05  0.0001178222  0.0002134414  0.0003735492
0.0113 	0  1.67121e-07   5.868631e-06  2.420743e-05  0.0001596919  0.0002864057  0.0002609428
0.01134 	0  1.227938e-07   6.796109e-06  2.149409e-05  0.0001805887  0.0002554984  0.0004295612
0.01138 	0  1.60761e-07   3.101304e-06  2.22369e-05  0.0001136251  0.0003156134  0.0002566941
0.01142 	0  1.35492e-07   3.522309e-06  2.624309e-05  0.0001254617  0.000283887  0.0002929945
0.01146 	0  7.910678e-08   2.883987e-06  3.290496e-05  0.0001222421  0.0002256353  0.0003375003
0.0115 	0  1.550078e-07   6.010328e-06  2.185589e-05  0.0001171346  0.0002609689  0.0002214371
0.01154 	0  3.164558e-07   3.49032e-06  2.742732e-05  0.0001532319  0.0002344847  0.0003098073
0.01158 	0  5.170079e-08   3.374574e-06  2.272786e-05  0.0001508249  0.0002077073  0.0003805026
0.01162 	0  1.13831e-07   2.256815e-06  2.302028e-05  0.0001779913  0.000364866  0.0003335115
0.01166 	0  7.342684e-08   2.837469e-06  2.556344e-05  0.0001244409  0.0002696539  0.0002571243
0.0117 	0  2.87595e-07   4.189557e-06  2.404871e-05  0.000134515  0.0002742786  0.0003763885
0.01174 	0  1.877016e-07   3.036749e-06  2.657969e-05  0.0001367589  0.0002663756  0.0002629045
0.01178 	0  6.01955e-08   6.848867e-06  2.32381e-05  0.0001251502  0.0002503552  0.000283364
0.01182 	0  1.000507e-07   4.053733e-06  2.440143e-05  9.55028e-05  0.0003648961  0.0003489452
0.01186 	0  1.136575e-07   3.057001e-06  2.684705e-05  0.0001296076  0.0002361554  0.0003258229
0.0119 	0  1.973882e-07   5.381133e-06  1.975942e-05  8.18682e-05  0.0003260879  0.0003029171
0.01194 	0  1.03688e-07   3.434941e-06  2.287474e-05  9.42439e-05  0.0002431732  0.0003145977
0.01198 	0  9.171776e-08   4.031634e-06  2.15663e-05  9.224066e-05  0.000298534  0.0001860339
0.01202 	0  6.827523e-08   4.109819e-06  1.377308e-05  0.0001035545  0.0001736818  0.0004151754
0.01206 	0  1.371207e-07   2.698301e-06  2.080341e-05  0.0001007339  0.0002785777  0.0003117072
0.0121 	0  1.400483e-07   3.212669e-06  2.050832e-05  0.0001117257  0.0002176565  0.0002798211
0.01214 	0  5.916037e-08   4.089128e-06  2.725631e-05  0.0002339004  0.0002381828  0.0002650776
0.01218 	0  6.362179e-08   4.28289e-06  2.10101e-05  8.239867e-05  0.0002586932  0.000313786
0.01222 	0  2.687179e-07   4.440945e-06  2.533984e-05  0.000123256  0.0002563558  0.0003567484
0.01226 	0  5.396499e-08   5.69978e-06  2.797439e-05  0.0001390698  0.0002031672  0.0002490882
0.0123 	0  2.186966e-07   4.600703e-06  1.803835e-05  0.0001044365  0.0002523903  0.0002981631
0.01234 	0  1.468397e-07   6.06831e-06  1.51584e-05  0.0001916051  0.0002355449  0.000328952
0.01238 	0  3.325306e-07   3.582176e-06  1.713858e-05  9.055802e-05  0.0002674836  0.0001960437
0.01242 	0  1.358658e-07   3.975661e-06  1.935111e-05  0.000165602  0.0002118752  0.0003528029
0.01246 	0  1.579904e-07   4.062864e-06  1.842692e-05  7.846305e-05  0.0002507935  0.0002160718
0.0125 	0  0   3.889718e-06  1.614399e-05  7.960194e-05  0.0002211611  0.0003082708
0.01254 	0  0   3.937486e-06  2.185024e-05  0.0001145703  0.000190594  0.0002399677
0.01258 	0  6.362179e-08   4.456577e-06  2.107945e-05  0.0001032929  0.0001982294  0.0002939041
0.01262 	0  4.088871e-07   3.969404e-06  1.70749e-05  9.596915e-05  0.0001920789  0.0002809308
0.01266 	0  0   5.132792e-06  2.022856e-05  8.427839e-05  0.0002017088  0.0002360089
0.0127 	0  1.33253e-07   5.39427e-06  1.816039e-05  0.0001317971  0.0003094975  0.0002418133
0.01274 	0  0   1.774009e-06  1.534238e-05  0.0001853486  0.0003254193  0.0002636759
0.01278 	0  1.205665e-07   3.619775e-06  1.662701e-05  0.0001215432  0.0002612791  0.0001753574
0.01282 	0  6.362192e-08   2.717563e-06  1.414024e-05  7.170989e-05  0.0002703449  0.0002369248
0.01286 	0  0   2.879173e-06  1.469351e-05  0.0001599708  0.0002434274  0.0002932734
0.0129 	0  7.432588e-08   3.826993e-06  1.185802e-05  6.51865e-05  0.0001741678  0.0002908447
0.01294 	0  5.916348e-08   2.774507e-06  1.413784e-05  8.338468e-05  0.0001914683  0.0003137792
0.01298 	0  6.362192e-08   2.1905e-06  1.381473e-05  6.862749e-05  0.0002316139  0.0002759774
0.01302 	0  0   4.447465e-06  1.57774e-05  8.206614e-05  0.000164894  0.0002045407
0.01306 	0  8.048931e-08   2.693945e-06  1.270106e-05  0.0001175218  0.0002107613  0.0002516041
0.0131 	0  4.113122e-08   3.469915e-06  1.867093e-05  9.974028e-05  0.0002527161  0.0002382355
0.01314 	0  0   4.045439e-06  1.315666e-05  8.763042e-05  0.0002224877  0.0003549705
0.01318 	0  5.916156e-08   2.819767e-06  1.440701e-05  6.639053e-05  0.0001489638  0.0001805894
0.01322 	0  1.028722e-07   2.254481e-06  1.482317e-05  0.0001129337  0.0002767215  0.0002129272
0.01326 	0  9.17233e-08   2.503796e-06  1.045783e-05  8.463265e-05  0.0001991484  0.000231579
0.0133 	0  0   3.363105e-06  1.4513e-05  7.365631e-05  0.0002676957  0.0002610706
0.01334 	0  5.664299e-08   1.837836e-06  1.715835e-05  0.000163608  0.0002010795  0.0002521867
0.01338 	0  6.362191e-08   1.595408e-06  1.182087e-05  6.780934e-05  0.0001314614  0.0002167983
0.01342 	0  7.416249e-08   3.036171e-06  1.600457e-05  0.0001120393  0.0002083448  0.0003095122
0.01346 	0  0   3.700571e-06  1.922296e-05  6.762827e-05  0.0002684374  0.0001744293
0.0135 	0  3.718568e-08   2.478887e-06  1.47612e-05  8.702625e-05  0.0001622776  0.0002306828
0.01354 	0  9.937012e-08   2.246077e-06  1.365715e-05  0.0001275685  0.0001496878  0.0002330836
0.01358 	0  0   3.102149e-06  1.414703e-05  0.0001009808  0.0002087724  0.0001959353
0.01362 	0  5.917018e-08   6.463348e-06  1.557098e-05  7.516094e-05  0.000221402  0.0002880142
0.01366 	0  6.362179e-08   3.504398e-06  1.425522e-05  6.314075e-05  0.0002032068  0.0003343587
0.0137 	0  1.091764e-07   2.252833e-06  1.286708e-05  8.069476e-05  0.0001494659  0.0002517234
0.01374 	0  1.001447e-07   2.70194e-06  1.675799e-05  8.879342e-05  0.0002199794  0.0002879367
0.01378 	0  9.642609e-08   4.399317e-06  1.272603e-05  6.831997e-05  0.0001838803  0.0003334445
0.01382 	0  7.067249e-08   2.045159e-06  1.304116e-05  6.779326e-05  0.000166474  0.0002161501
0.01386 	0  1.040036e-07   3.631934e-06  1.073669e-05  6.698983e-05  0.0001247873  0.0002042115
0.0139 	0  5.815713e-08   3.371124e-06  1.575336e-05  9.203582e-05  0.0001960644  0.0001934109
0.01394 	0  5.767269e-08   2.941279e-06  1.11934e-05  9.032424e-05  0.0001737748  0.0003094194
0.01398 	0  3.936869e-08   2.543132e-06  1.579576e-05  0.00018907  0.0001970196  0.0002575878
0.01402 	0  3.79458e-08   4.876518e-06  1.246344e-05  9.659378e-05  0.0001904905  0.0001630664
0.01406 	0  6.362179e-08   2.940541e-06  1.295783e-05  7.998596e-05  0.0002020966  0.000187679
0.0141 	0  8.63662e-08   2.387603e-06  7.199042e-06  6.149285e-05  0.0001702098  0.0003206169
0.01414 	0  6.362179e-08   2.49297e-06  9.503706e-06  7.678017e-05  0.0001987494  0.0002257474
0.01418 	0  3.025226e-08   8.662003e-07  1.137966e-05  6.021366e-05  0.00022416  0.0002451476
0.01422 	0  0   3.441339e-06  7.517478e-06  8.008173e-05  0.0001959092  0.0002061487
0.01426 	0  0   3.288592e-06  1.108665e-05  7.913068e-05  0.0001802861  0.0002591336
0.0143 	0  9.202057e-08   1.92126e-06  1.381132e-05  0.0001341288  0.0001676585  0.0001420296
0.01434 	0  5.269361e-08   3.804762e-06  1.418612e-05  7.101027e-05  0.0001838955  0.0001880537
0.01438 	0  6.362204e-08   3.237343e-06  1.847981e-05  0.0001152415  0.0001969752  0.0003336934
0.01442 	0  4.485216e-08   3.095634e-06  1.401481e-05  9.974847e-05  0.0001619965  0.0002303795
0.01446 	0  6.362204e-08   3.320284e-06  9.363363e-06  8.345133e-05  0.0001360064  0.0002760437
0.0145 	0  0   3.246846e-06  9.743552e-06  0.0001058229  0.0001481703  0.0002272217
0.01454 	0  1.932165e-07   1.26442e-06  1.352172e-05  9.100164e-05  0.0001551595  0.0002203001
0.01458 	0  1.251695e-07   9.706978e-07  1.057533e-05  0.000126279  0.0001716371  0.0002446411
0.01462 	0  0   4.054869e-06  1.269467e-05  8.313442e-05  0.0001772772  0.0002456995
0.01466 	0  1.871105e-07   2.35679e-06  1.538251e-05  0.000111726  0.0001551146  0.0002234257
0.0147 	0  6.362179e-08   1.773861e-06  9.595091e-06  8.741871e-05  0.0001128376  0.0002340753
0.01474 	0  0   1.918782e-06  1.511671e-05  7.53743e-05  0.000154877  0.0002413424
0.01478 	0  0   2.616475e-06  1.14567e-05  6.291275e-05  0.0001828989  0.0001757214
0.01482 	0  4.197123e-08   3.3226e-06  8.538481e-06  0.0001007766  0.000202041  0.0002521817
0.01486 	0  0   1.894291e-06  1.304426e-05  8.611819e-05  0.0001426872  0.0001703602
0.0149 	0  3.155025e-07   3.698361e-06  1.120962e-05  7.235039e-05  0.0001846116  0.0001950146
0.01494 	0  1.721077e-07   1.935575e-06  1.876548e-05  6.563873e-05  0.0001185278  0.0001725704
0.01498 	0  0   1.96885e-06  1.029858e-05  5.458583e-05  0.0001721474  0.0002483404
0.01502 	0  8.243862e-08   9.341874e-07  1.031312e-05  6.213977e-05  0.000139275  0.0001398144
0.01506 	0  0   6.864401e-07  1.053059e-05  5.864412e-05  0.0002434339  0.0002372489
0.0151 	0  1.272437e-07   1.588916e-06  1.335179e-05  0.0001373555  0.000180691  0.0002361097
0.01514 	0  0   3.945932e-06  1.354503e-05  0.0001024325  0.0002237719  0.0001718067
0.01518 	0  0   9.075894e-07  9.076141e-06  7.489017e-05  0.0002104561  0.0001874919
0.01522 	0  1.852305e-07   1.994851e-06  9.578713e-06  9.797983e-05  0.0002151258  0.0001870251
0.01526 	0  6.362187e-08   5.311632e-07  9.927558e-06  6.396713e-05  0.0002139117  0.0001652588
0.0153 	0  6.362187e-08   2.216178e-06  1.39084e-05  6.076865e-05  0.0001527793  0.0002283244
0.01534 	0  0   2.180003e-06  1.076712e-05  3.843245e-05  0.000119718  0.0001801586
0.01538 	0  0   2.471689e-06  8.111136e-06  6.273115e-05  0.0001242285  0.0001464085
0.01542 	0  0   2.494235e-06  7.97395e-06  5.782938e-05  0.0001290742  0.0001422311
0.01546 	0  8.424653e-08   1.777985e-06  1.178421e-05  4.909994e-05  0.0001321258  0.0002290359
0.0155 	0  0   1.426425e-06  1.319035e-05  5.147584e-05  0.0001420388  0.000151844
0.01554 	0  9.903879e-08   3.441626e-06  5.986533e-06  8.182496e-05  0.0002349312  0.0001410332
0.01558 	0  0   9.901646e-07  1.158833e-05  5.997169e-05  0.0002321692  0.0001850159
0.01562 	0  2.862727e-07   2.093671e-06  7.719468e-06  6.158571e-05  0.000177119  0.0001525511
0.01566 	0  8.138414e-08   3.669785e-06  6.486761e-06  0.0001155094  0.0001235189  0.0001749654
0.0157 	0  1.262563e-07   1.529403e-06  1.043079e-05  5.850825e-05  0.0001579158  0.000195912
0.01574 	0  3.280869e-08   1.847215e-06  9.407251e-06  7.198805e-05  0.0001170761  0.0002368217
0.01578 	0  2.906107e-07   1.038138e-06  1.064458e-05  4.894478e-05  0.0001940905  0.0002049324
0.01582 	0  1.207611e-07   1.302686e-06  1.3551e-05  6.664478e-05  0.0001559769  0.0001814523
0.01586 	0  0   1.952798e-06  8.051261e-06  6.959601e-05  0.0001353298  0.0001819997
0.0159 	0  8.138404e-08   1.363471e-06  8.723595e-06  6.325683e-05  0.0002128719  0.0001648388
0.01594 	0  0   1.63353e-06  8.138266e-06  9.518266e-05  0.0001600254  0.0001581452
0.01598 	0  1.972953e-07   2.29891e-06  7.881986e-06  9.280714e-05  0.0001227622  0.0001644021
0.01602 	0  0   1.885406e-06  5.324551e-06  5.654506e-05  0.0001152573  0.000178693
0.01606 	0  0   2.422652e-06  6.523683e-06  4.966995e-05  0.0001919482  0.0001694919
0.0161 	0  8.138436e-08   1.20208e-06  9.681513e-06  4.590611e-05  0.0001609018  0.0002103004
0.01614 	0  0   1.806638e-06  7.055046e-06  8.490296e-05  0.000156179  0.0001836355
0.01618 	0  8.138407e-08   1.213715e-06  5.376721e-06  5.527444e-05  0.0001903967  0.000185955
0.01622 	0  0   2.695694e-06  5.136074e-06  6.704255e-05  0.000171858  0.0002666848
0.01626 	0  0   3.544092e-06  8.587791e-06  4.350677e-05  0.0001758221  0.0001900307
0.0163 	0  1.262543e-07   1.693514e-06  8.801478e-06  5.375672e-05  0.0001328789  0.0001445539
0.01634 	0  8.138404e-08   1.050805e-06  8.645242e-06  6.210496e-05  0.0001472833  0.0001492282
0.01638 	0  0   4.30232e-07  7.142767e-06  0.0001227537  0.0001407819  0.0002218529
0.01642 	0  4.487343e-08   3.207603e-06  9.38847e-06  0.0001173325  0.0002087242  0.000175825
0.01646 	0  1.274287e-07   2.195389e-06  5.039843e-06  5.456203e-05  0.0001002898  0.0001197113
0.0165 	0  0   1.667281e-06  7.111152e-06  4.832673e-05  0.0001571276  0.0001451085
0.01654 	0  2.173398e-07   5.063683e-07  5.512289e-06  5.306758e-05  0.0001881569  0.0001321493
0.01658 	0  0   1.565201e-06  5.519409e-06  5.492618e-05  0.0001136019  0.0002815931
0.01662 	0  0   1.19543e-06  3.68214e-06  8.163921e-05  0.0001021398  0.0001476684
0.01666 	0  0   1.256641e-06  5.195924e-06  5.037632e-05  0.0002008045  0.0002883514
0.0167 	0  0   1.243237e-06  5.03341e-06  4.677853e-05  0.0001700527  0.0001066098
0.01674 	0  8.138404e-08   1.178362e-06  6.003325e-06  6.026192e-05  0.0001403652  0.000123033
0.01678 	0  2.01515e-07   1.081413e-06  4.136278e-06  0.0001049751  0.0001663166  0.0001454639
0.01682 	0  4.486996e-08   1.967709e-06  5.771699e-06  6.403695e-05  0.0001180109  0.0001827573
0.01686 	0  7.229571e-08   1.392052e-06  4.675438e-06  6.111689e-05  0.0001031907  0.0001545879
0.0169 	0  8.138404e-08   9.069988e-07  4.769951e-06  5.234717e-05  0.0001255855  0.0001253604
0.01694 	0  3.937707e-08   6.28615e-07  5.230517e-06  4.267255e-05  0.0001158011  0.0001566525
0.01698 	0  0   3.036332e-06  6.108092e-06  4.175822e-05  0.0001526543  0.0002035086
0.01702 	0  8.138419e-08   1.85911e-06  5.01893e-06  5.484726e-05  0.0001249539  0.0002160044
0.01706 	0  8.138122e-08   8.321978e-07  4.800808e-06  4.198439e-05  0.0001511862  0.0001711856
0.0171 	0  0   1.344923e-06  5.976824e-06  8.313282e-05  0.0001046707  0.0001635561
0.01714 	0  0   1.347087e-06  7.592101e-06  5.633349e-05  0.0001276548  0.000112148
0.01718 	0  8.138122e-08   1.950529e-06  5.278667e-06  9.41418e-05  0.0001000098  0.0001399803
0.01722 	0  0   2.014613e-06  4.656138e-06  4.152838e-05  0.0001614309  0.0001552452
0.01726 	0  1.26255e-07   2.473005e-06  5.440211e-06  7.166718e-05  0.0001061086  0.000155679
0.0173 	0  1.337487e-07   1.223981e-06  5.274881e-06  5.372103e-05  0.0002384815  0.0001541949
0.01734 	0  0   2.239999e-06  6.949543e-06  3.55582e-05  9.225783e-05  0.0001330056
0.01738 	0  1.627671e-07   7.828474e-07  7.112942e-06  6.188407e-05  0.000189023  0.000107136
0.01742 	0  8.138694e-08   1.411139e-06  6.203829e-06  4.748493e-05  0.0001041004  0.0001614658
0.01746 	0  4.19768e-08   7.464096e-07  6.790135e-06  7.427738e-05  9.620778e-05  0.0001930558
0.0175 	0  8.140662e-08   5.23384e-07  7.700638e-06  4.890943e-05  0.0001012174  0.0001172602
0.01754 	0  0   1.503812e-06  4.36055e-06  5.385664e-05  0.0001132726  0.0001116064
0.01758 	0  8.145605e-08   1.719173e-06  2.906648e-06  6.965044e-05  9.858697e-05  0.0001043473
0.01762 	0  0   7.89736e-07  6.559418e-06  6.397575e-05  8.302043e-05  0.0001805898
0.01766 	0  1.263622e-07   6.783048e-07  3.39227e-06  8.107287e-05  7.939432e-05  0.0001650737
0.0177 	0  1.262572e-07   1.269267e-06  6.755204e-06  4.865982e-05  0.0001153138  0.0001254678
0.01774 	0  1.469106e-08   3.985617e-07  3.336099e-06  3.889779e-05  0.0001360691  0.0002052982
0.01778 	0  3.937865e-08   8.067891e-07  2.958526e-06  8.996461e-05  0.0001460697  0.0001233385
0.01782 	0  8.113554e-08   6.672878e-07  7.326359e-06  4.566004e-05  9.621211e-05  0.0001778419
0.01786 	0  0   1.63375e-06  4.379055e-06  7.640309e-05  0.0002034688  0.000128277
0.0179 	0  0   9.731907e-07  6.248159e-06  5.35468e-05  7.248575e-05  0.0001042396
0.01794 	0  0   1.351846e-06  5.789279e-06  3.954871e-05  0.0001682505  0.0001345293
0.01798 	0  4.487172e-08   9.674103e-07  4.445258e-06  4.68228e-05  0.0001387504  0.0001550913
0.01802 	0  0   1.539377e-06  5.567896e-06  3.656811e-05  0.0001356748  0.0001391851
0.01806 	0  1.262586e-07   1.102316e-06  4.086056e-06  5.963229e-05  0.0001842443  0.0001663067
0.0181 	0  4.948031e-08   3.138222e-06  7.306459e-06  4.850723e-05  9.985646e-05  0.0001940219
0.01814 	0  0   1.416038e-06  2.926692e-06  5.230371e-05  0.0001103716  0.0001595395
0.01818 	0  2.627458e-08   7.935489e-07  4.163989e-06  4.005233e-05  8.38249e-05  0.0001706692
0.01822 	0  2.646093e-08   9.481604e-07  3.807549e-06  3.951123e-05  9.994794e-05  0.0001228868
0.01826 	0  1.511806e-07   1.194216e-06  3.885166e-06  3.773907e-05  0.000108594  0.0001637586
0.0183 	0  0   1.590336e-06  2.514668e-06  3.681235e-05  9.189268e-05  0.0001012033
0.01834 	0  8.424857e-08   9.010292e-07  5.279221e-06  0.0001162638  0.0001590055  0.0001441749
0.01838 	0  0   4.2211e-07  1.011343e-06  4.448161e-05  8.397367e-05  0.0001424174
0.01842 	0  8.140662e-08   5.565865e-07  3.306339e-06  3.339058e-05  0.0001127086  0.0001314005
0.01846 	0  0   1.168735e-06  3.787726e-06  5.829873e-05  8.947181e-05  0.0001449573
0.0185 	0  4.487172e-08   1.882703e-06  4.724874e-06  5.821301e-05  9.477571e-05  0.0001816693
0.01854 	0  4.487182e-08   1.507265e-06  5.70361e-06  4.506051e-05  0.0001477082  0.0002315527
0.01858 	0  0   1.056012e-06  4.083339e-06  4.871186e-05  0.0001590431  0.0001635035
0.01862 	0  0   1.591817e-06  5.733199e-06  7.133925e-05  0.0001257623  0.0002359674
0.01866 	0  9.717703e-08   4.856086e-07  3.062972e-06  3.730247e-05  0.0001309398  9.827076e-05
0.0187 	0  1.121492e-07   3.296946e-07  5.241655e-06  3.843674e-05  9.715367e-05  0.0001923518
0.01874 	0  0   5.723413e-07  3.220286e-06  4.683157e-05  0.0001426987  0.0001113874
0.01878 	0  4.988095e-08   3.147708e-06  4.94797e-06  3.744824e-05  0.0001348865  8.226213e-05
0.01882 	0  8.974335e-08   1.369053e-06  4.144992e-06  8.008319e-05  0.0001259027  0.0001103669
0.01886 	0  2.028476e-07   1.898339e-06  2.935107e-06  2.656563e-05  7.55193e-05  9.977318e-05
0.0189 	0  0   6.655822e-07  2.960473e-06  7.446721e-05  0.0001045609  9.625989e-05
0.01894 	0  0   8.876786e-07  5.333833e-06  3.053576e-05  9.091884e-05  0.0001664056
0.01898 	0  0   5.559579e-07  3.627518e-06  3.826081e-05  0.0001174461  0.0001542757
0.01902 	0  0   3.997638e-07  4.173144e-06  3.208459e-05  0.0002131722  0.0001629292
0.01906 	0  0   1.25014e-06  2.113094e-06  3.793043e-05  0.0001226896  0.0002120135
0.0191 	0  0   7.17856e-07  6.554255e-06  8.78152e-05  0.0001227976  9.270323e-05
0.01914 	0  7.106536e-08   4.263068e-07  3.46085e-06  3.544363e-05  0.000192797  7.306219e-05
0.01918 	0  0   9.33208e-07  2.952831e-06  3.841985e-05  0.0001043548  0.0001073066
0.01922 	0  0   3.457882e-06  3.893782e-06  5.311309e-05  0.0001147531  0.0001218034
0.01926 	0  0   4.289822e-07  5.63817e-06  5.164165e-05  0.0001438052  0.0001086248
0.0193 	0  0   4.278584e-07  3.884579e-06  3.330891e-05  6.617465e-05  0.0001653977
0.01934 	0  0   1.872706e-06  4.245281e-06  7.281835e-05  9.789549e-05  0.0001089228
0.01938 	0  8.149049e-08   7.891192e-07  3.387714e-06  4.853225e-05  8.539326e-05  9.892047e-05
0.01942 	0  0   1.26644e-06  2.855574e-06  4.16232e-05  0.0001471106  0.0001297561
0.01946 	0  0   2.898046e-07  4.856601e-06  7.925696e-05  8.064547e-05  0.0001470329
0.0195 	0  3.386841e-08   7.687446e-07  3.338468e-06  7.785471e-05  7.454072e-05  9.212161e-05
0.01954 	0  0   1.826026e-06  2.47571e-06  7.821114e-05  0.0001009669  9.400791e-05
0.01958 	0  0   6.615976e-07  3.94583e-06  4.010279e-05  8.272538e-05  0.0001284029
0.01962 	0  0   1.042774e-06  2.514644e-06  8.364062e-05  0.0001068846  0.0001164891
0.01966 	0  0   7.129728e-07  1.718526e-06  3.555939e-05  9.082816e-05  9.579729e-05
0.0197 	0  3.937865e-08   6.358513e-07  1.304928e-06  2.900329e-05  7.752159e-05  0.0001279594
0.01974 	0  5.57884e-08   6.466173e-07  5.790415e-07  6.679875e-05  0.0001311843  0.0001326201
0.01978 	0  0   1.99306e-06  2.116e-06  6.752572e-05  7.300321e-05  8.3299e-05
0.01982 	0  0   1.246995e-06  1.487097e-06  2.756363e-05  0.0001669146  9.931721e-05
0.01986 	0  3.065403e-08   1.237878e-06  3.030955e-06  3.69078e-05  7.853189e-05  8.689039e-05
0.0199 	0  0   1.137822e-06  3.780849e-06  4.262519e-05  9.050529e-05  0.0001199729
0.01994 	0  6.131104e-08   1.611176e-06  2.827291e-06  2.946689e-05  8.030551e-05  9.375054e-05
0.01998 	0  8.113554e-08   3.761265e-07  5.138662e-06  2.784921e-05  6.268748e-05  7.66187e-05
